%YAML:1.0
---
calibration_time: "Mi 10 Mai 2017 09:50:52 CEST"
nr_of_frames: 10
image_width: 640
image_height: 480
board_width: 9
board_height: 6
square_size: 2.5000000372529030e-02
fix_aspect_ratio: 1.
# flags: +fix_aspectRatio
flags: 2
fisheye_model: 0
camera_matrix: !!opencv-matrix
   rows: 3
   cols: 3
   dt: d
   data: [ 6.1913867022143279e+02, 0., 3.3928370221691455e+02, 0.,
       6.1913867022143279e+02, 2.3364256496912361e+02, 0., 0., 1. ]
distortion_coefficients: !!opencv-matrix
   rows: 5
   cols: 1
   dt: d
   data: [ 1.9209752061617930e-01, -1.4013961937655757e+00,
       -7.6045102863885571e-04, 7.2486988051721757e-04,
       2.2975577939986138e+00 ]
avg_reprojection_error: 4.5658217340347806e-01
per_view_reprojection_errors: !!opencv-matrix
   rows: 10
   cols: 1
   dt: f
   data: [ 5.10068953e-01, 4.24212843e-01, 7.46452749e-01,
       4.64055389e-01, 2.40043491e-01, 3.60497385e-01, 3.12716454e-01,
       3.55856478e-01, 5.27367413e-01, 4.26480651e-01 ]
# a set of 6-tuples (rotation vector + translation vector) for each view
extrinsic_parameters: !!opencv-matrix
   rows: 10
   cols: 6
   dt: d
   data: [ -5.8596744471026509e-02, 4.4958133087290332e-02,
       3.7016767480600281e-02, -8.3743641486354312e-02,
       -7.5490969583310932e-02, 3.1533677905710977e-01,
       -1.8246698623404216e-02, 1.8662289646773318e-02,
       7.8801189111266465e-03, -1.1365035121423384e-01,
       -8.6971888550733151e-02, 3.2112007299316164e-01,
       -1.2711946914601885e-01, 3.6472694516730776e-02,
       -2.3064954240804885e-02, -1.1118726787194368e-01,
       -6.0511273720600355e-02, 3.2775186538289963e-01,
       -4.3424339665528208e-02, 3.1809056413604667e-02,
       -1.4659952424489217e-02, -1.1247867854538837e-01,
       -5.4912492171914469e-02, 2.5914464507376556e-01,
       -1.5206246598162712e-01, 2.0719397994354924e-01,
       -9.5659669459031253e-03, -6.9441104413755381e-02,
       -3.9205515803669128e-02, 4.1472370737601755e-01,
       4.4343055116177255e-02, -5.8504624568832833e-02,
       -1.4650588891384347e-02, -1.5058877510510926e-01,
       -1.0047652633166942e-01, 3.5872753973801952e-01,
       5.4583057512752643e-02, 1.6588326808650458e-01,
       1.6445226978466849e-02, -6.5197633595166213e-02,
       -1.0892433928386748e-01, 3.6631894087575623e-01,
       -2.1227122346191821e-01, 1.9075862359209350e-01,
       -5.9755560492446014e-03, -5.7214070416613812e-02,
       -8.8227441564119741e-03, 3.8111242329865624e-01,
       6.1754126740716057e-03, 3.0443674295423339e-02,
       -1.0764383047595659e-02, -1.0568400504867799e-01,
       -6.0284994676718447e-02, 2.7592663281879021e-01,
       -2.7322111060057080e-02, -7.1994987622138323e-02,
       -1.0007187874086233e-02, -1.3296094095800998e-01,
       -5.3033210911745794e-02, 2.7840064873798975e-01 ]
